15
2,11
15,15
12,4
5,6
13,0
3,10
10,5
7,3
6,12
0,9
1,14
8,8
4,13
14,2
9,1
58
2,11:3,10
2,11:4,13
2,11:0,9
2,11:6,12
2,11:1,14
15,15:6,12
15,15:8,8
15,15:4,13
12,4:10,5
12,4:14,2
12,4:13,0
5,6:7,3
5,6:8,8
5,6:3,10
13,0:12,4
13,0:14,2
13,0:9,1
3,10:2,11
3,10:5,6
3,10:4,13
3,10:0,9
3,10:6,12
3,10:1,14
10,5:12,4
10,5:7,3
10,5:8,8
10,5:14,2
10,5:9,1
7,3:5,6
7,3:10,5
7,3:9,1
6,12:15,15
6,12:4,13
6,12:3,10
6,12:2,11
6,12:8,8
0,9:2,11
0,9:3,10
0,9:1,14
1,14:0,9
1,14:4,13
1,14:2,11
1,14:3,10
8,8:15,15
8,8:5,6
8,8:10,5
8,8:6,12
4,13:2,11
4,13:15,15
4,13:3,10
4,13:6,12
4,13:1,14
14,2:12,4
14,2:13,0
14,2:10,5
9,1:13,0
9,1:7,3
9,1:10,5