20
4,20
2,3
0,8
8,10
3,0
14,7
16,16
9,13
18,14
19,6
1,9
12,4
13,18
11,11
10,19
17,2
6,17
15,12
7,15
20,1
72
4,20:6,17
4,20:7,15
4,20:10,19
2,3:3,0
2,3:0,8
2,3:1,9
0,8:2,3
0,8:1,9
0,8:8,10
0,8:3,0
8,10:0,8
8,10:11,11
8,10:9,13
8,10:7,15
8,10:1,9
3,0:2,3
3,0:0,8
3,0:1,9
14,7:12,4
14,7:11,11
14,7:19,6
14,7:20,1
16,16:18,14
16,16:13,18
16,16:15,12
9,13:8,10
9,13:11,11
9,13:7,15
18,14:16,16
18,14:15,12
18,14:13,18
19,6:14,7
19,6:17,2
19,6:20,1
1,9:2,3
1,9:0,8
1,9:3,0
1,9:8,10
12,4:14,7
12,4:17,2
12,4:11,11
13,18:16,16
13,18:18,14
13,18:10,19
13,18:15,12
11,11:8,10
11,11:14,7
11,11:9,13
11,11:12,4
11,11:15,12
10,19:4,20
10,19:13,18
10,19:6,17
10,19:7,15
17,2:19,6
17,2:12,4
17,2:20,1
6,17:4,20
6,17:10,19
6,17:7,15
15,12:16,16
15,12:18,14
15,12:13,18
15,12:11,11
7,15:4,20
7,15:8,10
7,15:9,13
7,15:10,19
7,15:6,17
20,1:19,6
20,1:17,2
20,1:14,7